228.8999939
417.6000061
270.2000122
449.2000122
374.7000122
341
270.2000122
426.6000061
445.3999939
352.7999878
346.7000122
462
335
366.5
351.3999939
432
407.3999939
432
425.2999878
351.3999939
398.7000122
449.7000122
449.2000122
388.2999878
452.7999878
351.8999939
449.2000122
270.2000122
462
465.6000061
398.3999939
266.1000061
514
344.3999939
427.3999939
417.6000061
439.2000122
456.7999878
364.5
420.8999939
451.8999939
378.2000122
384.2000122
407.8999939
266.1000061
458.7000122
420.2000122
346
429.2000122
522.7000122
335
449.2000122
