45.126295
647.2705985
427.2942837
146.5566662
837.3515116
316.8590081
427.2942837
234.3277107
803.3059816
397.570558
288.4935008
608.8949006
7.212576394
359.3330717
169.559724
744.3493803
758.7954176
744.3493803
203.1888075
169.559724
89.53517144
473.7417545
146.5566662
71.53748133
738.5683787
437.569814
146.5566662
427.2942837
608.8949006
623.3869184
113.2627059
22.52759419
850.9626587
560.5487858
867.2400058
647.2705985
719.9156101
275.644424
299.2732865
61.74544518
179.2660156
428.7120246
309.8104259
383.7919358
22.52759419
373.0365264
386.5800887
744.4924244
141.2887115
887.8852685
7.212576394
146.5566662
