261.7304382
340.9587708
145.1030579
0.951667786
117.5022736
144.7777252
145.1030579
119.0065002
55.57966995
290.3110962
314.8362427
228.2686005
290.9046021
179.1609802
231.4588318
236.6126404
17.81278992
236.6126404
4.68396759
231.4588318
223.0838318
255.0270538
0.951667786
288.5942993
17.98733521
124.2911301
0.951667786
145.1030579
228.2686005
97.38603973
204.775116
243.9944
121.2543488
285.3276367
182.2311554
340.9587708
22.08985138
356.975647
100.0937042
202.8480225
6.926116943
135.3187256
178.9690857
37.30870056
243.9944
135.5921326
305.5376892
237.4721527
59.79380798
85.11045837
290.9046021
0.951667786
