62.9815979
33.42946243
49.84686279
21.47207451
30.25524902
24.60873032
49.84686279
30.19619751
26.31577301
12.313797
19.09605408
39.54856873
48.79938889
68.71833801
20.84540176
47.31818771
23.77309418
47.31818771
29.64118195
20.84540176
14.34571743
8.705726624
21.47207451
49.84487915
38.2954216
33.12112808
21.47207451
49.84686279
39.54856873
16.94314194
36.20581055
40.43909073
26.04362488
35.6655426
34.44139481
33.42946243
51.12046051
31.86472702
49.3563652
23.56820107
32.12508392
31.12715721
35.96791077
15.37889481
40.43909073
16.97676086
33.17378616
42.07397842
46.45083237
21.23181152
48.79938889
21.47207451
