5.806009293
3.42051816
11.17308521
4.303993702
6.240967274
4.226786613
11.17308521
6.587662697
6.20932436
2.350813866
3.540490627
8.985151291
10.09096146
6.815252781
4.850569248
7.108388424
4.579010487
7.108388424
6.80880785
4.850569248
2.724048615
1.274930239
4.303993702
6.485791206
8.631263733
3.592813492
4.303993702
11.17308521
8.985151291
3.89381814
8.549649239
7.824181557
5.313024044
7.888300896
6.593425274
3.42051816
10.19425583
7.4241786
11.49003124
5.516390324
7.382724285
7.243700504
8.300804138
3.175320387
7.824181557
3.913863659
7.715825558
6.629952908
10.4728384
4.8618536
10.09096146
4.303993702
