1 100 240 229 6 262 63 45.1263 
1 233 290 418 3 341 33 647.271 
1 110 240 270 11 145 50 427.294 
1 293 231 449 4 1 21 146.557 
1 92 250 375 6 118 30 837.352 
1 117 248 341 4 145 25 316.859 
1 110 240 270 11 145 50 427.294 
1 265 244 427 7 119 30 234.328 
1 313 224 445 6 56 26 803.306 
1 148 133 353 2 290 12 397.571 
1 294 243 347 4 315 19 288.494 
1 129 254 462 9 228 40 608.895 
1 130 240 335 10 291 49 7.21258 
1 160 145 367 7 179 69 359.333 
1 124 244 351 5 231 21 169.56 
1 339 96 432 7 237 47 744.349 
1 229 295 407 5 18 24 758.795 
1 339 96 432 7 237 47 744.349 
1 263 246 425 7 5 30 203.189 
1 124 244 351 5 231 21 169.56 
1 361 81 399 3 223 14 89.5352 
1 255 252 450 1 255 9 473.742 
1 293 231 449 4 1 21 146.557 
1 238 250 388 6 289 50 71.5375 
1 229 287 453 9 18 38 738.568 
1 149 133 352 4 124 33 437.57 
1 293 231 449 4 1 21 146.557 
1 110 240 270 11 145 50 427.294 
1 129 254 462 9 228 40 608.895 
1 317 196 466 4 97 17 623.387 
1 267 249 398 9 205 36 113.263 
1 118 242 266 8 244 40 22.5276 
1 163 153 514 5 121 26 850.963 
1 95 255 344 8 285 36 560.549 
1 231 291 427 7 182 34 867.24 
1 233 290 418 3 341 33 647.271 
1 232 293 439 10 22 51 719.916 
1 243 247 457 7 357 32 275.644 
1 288 240 365 11 100 49 299.273 
1 315 172 421 6 203 24 61.7454 
1 195 155 452 7 7 32 179.266 
1 320 170 378 7 135 31 428.712 
1 115 255 384 8 179 36 309.81 
1 269 251 408 3 37 15 383.792 
1 118 242 266 8 244 40 22.5276 
1 314 188 459 4 136 17 373.037 
1 173 187 420 8 306 33 386.58 
1 92 276 346 7 237 42 744.492 
1 290 230 429 10 60 46 141.289 
1 195 292 523 5 85 21 887.885 
1 130 240 335 10 291 49 7.21258 
1 293 231 449 4 1 21 146.557 
0 56 199 305.2 8.95274 41.7927 20.8221 1 
0 136 154 401.6 8.27242 37.2597 342.126 1 
0 4 284 315.3 3.78684 18.9855 4.33218 9.21954 
0 260 215 305.5 2.56384 26.5938 293.703 31.1448 
0 172 11 85 0.702424 3.31512 267.663 14.3178 
0 272 94 412.6 3.64861 26.8743 283.028 3.60555 
0 152 31 84.5 8.50563 38.5239 200.859 2.23607 
0 248 68 393.2 6.31811 32.1094 248.127 13.6015 
0 238 82 265.8 8.22643 39.5544 237.643 1 
0 125 83 131.4 11.6487 54.86 332.207 1 
0 91 205 601.5 3.71598 19.7921 220.003 0 
0 25 7 106.8 2.25793 15.015 264.542 18.4391 
0 209 109 151.3 5.49093 24.1586 219.195 1 
0 297 108 362.9 12.4587 54.1562 109.706 4 
0 142 46 111.6 1.27132 5.98999 202.52 3 
0 139 245 472.9 9.05058 62.0433 247.581 7.2111 
0 29 74 140.8 5.60017 24.6114 88.1006 1 
0 273 100 312.7 5.11415 61.3844 9.08084 3.16228 
0 128 300 462.2 4.16812 18.6807 320.987 2.82843 
0 88 229 546.6 12.2094 54.0362 222.659 4.12311 
0 78 237 512.8 18.288 82.359 65.7713 5.38516 
0 60 83 174.6 6.30907 28.8385 11.0813 1 
0 97 271 345.9 20.561 96.975 330.471 1 
0 115 248 344.5 23.0389 105.308 222.832 2 
0 54 137 465.5 1.47667 9.81479 252.795 2.23607 
0 120 208 505.9 6.26353 27.3876 269.348 2 
0 136 114 386.2 9.39009 54.5602 313.162 7.61577 
0 114 86 116.8 7.22654 37.5642 167.937 0 
0 282 185 340.9 5.68665 32.5515 78.6336 5 
0 205 230 383.1 19.4773 89.2901 329.029 6.40312 
0 273 212 321.2 1.96658 9.04654 157.075 20.5183 
0 85 254 365.3 8.7968 60.0326 37.055 0 
0 262 215 303.6 2.78278 27.895 201.418 29.8329 
0 281 255 321.1 1.54479 6.87168 192.039 47.0106 
0 191 292 284 10.0756 43.2477 21.6742 4 
0 165 130 229.3 17.4597 78.1046 85.0983 1 
0 24 177 431.6 7.09438 34.127 172.44 1 
0 246 39 195.2 5.67614 24.6422 305.789 5.38516 
0 288 161 473.4 4.70357 24.8183 122.845 9.05539 
0 141 121 319.2 4.29405 21.17 265.704 3.60555 
0 141 135 346.7 7.92018 33.9326 282.4 5.09902 
0 23 79 154 6.59507 29.2691 314.474 0 
0 208 279 239.5 8.51066 38.428 214.38 6.40312 
0 244 155 236.7 1.73548 8.61394 66.9254 5 
0 48 130 456.6 4.69307 19.9254 222.655 4.47214 
0 103 191 575.2 10.3658 45.215 150.93 3.60555 
0 234 20 105.7 1.5408 6.92315 317.637 3 
0 177 140 260 13.4905 59.3671 245.398 4.24264 
0 1 300 350.5 5.11749 21.755 28.6041 6.7082 
0 188 55 175.2 2.71612 25.0643 340.61 2.23607 
0 43 208 340.1 16.3245 75.311 332.166 1 
0 110 153 194.9 6.68836 42.029 269.023 0 
