250.029644
857.9227729
47.74748999
232.9880624
1029.102244
363.7522043
306.4959869
806.4060003
144.6416529
313.395189
858.4196368
1251.267006
218.5951914
96.71446814
61.1987581
199.0270795
64.13215151
157.3710206
34.93561434
197.3743099
687.0900036
500.0098612
639.2156448
488.8899566
421.7304382
1068.434695
169.8052601
116.8734795
110.7617505
97.33083303
200.5490975
246.3300641
853.4703063
106.8081832
68.80760829
860.4813502
68.91464522
1136.895269
1076.37435
764.7012612
323.962561
77.25592397
186.2563859
391.0504086
575.301237
278.7589525
594.1915524
137.8435072
70.4341922
192.1218054
149.3450555
26.53182902
25.40103352
312.3290739
26.23309558
355.858626
323.5357575
414.3844019
1331.800202
181.8511625
1930.390262
27.91156606
137.6044568
198.1278538
146.1717267
71.23207845
8.095844585
308.4961033
305.2486188
232.025608
18.58527812
512.4196517
1277.953585
747.1122642
127.442336
639.5779139
1299.362155
171.6244478
280.5084448
71.70782317
251.1149617
1131.9602
879.1633931
26.38299842
882.1897324
554.5963077
293.8905135
681.8631201
801.8827311
90.30172615
369.3634277
519.5408285
150.568261
