5.486250877
2.02486825
1.833733559
4.289153099
9.684821129
1.358633995
2.429397106
7.267390251
0.640559614
9.028953552
2.639336348
1.032802463
6.067837715
3.349329233
1.280959129
8.681121826
10.73064327
0.835163176
1.632738948
0.202570334
6.084469795
3.463236094
3.864247084
15.5899601
1.632738948
1.012750387
6.000835419
0.452953458
2.560638905
2.064934254
5.657153606
3.713503838
9.682782173
0.607690752
10.90422058
5.624839783
0
10.06614685
1.811248064
7.931886196
9.567842484
10.3511982
5.055171013
3.318697929
12.29819679
1.994288921
5.990718842
7.860958576
2.560638905
11.59517956
5.585084438
10.67393112
0.202570334
2.819212437
2.876657724
4.265346527
3.24399209
14.94032955
3.463236094
4.688112736
11.69518566
7.431249619
2.308416843
4.866820812
7.039865017
5.33258152
3.293985844
19.72118187
0.859372258
1.994288921
5.86791563
1.581729531
3.463236094
11.26852989
8.365638733
2.876657724
2.6315732
6.45483017
5.689279079
22.85327339
3.008668423
1.296866894
10.26543713
1.669971585
2.227160454
3.463236094
12.62419224
4.731286049
5.193815231
2.236335278
4.887652397
4.029545307
0.859372258
