51.34019089
8.130104065
218.6598053
36.86989594
264.95755
161.5650482
225
178.8766937
116.5650482
65.85446167
130.6012878
146.3099365
41.18592453
70.01689148
63.43494797
87.18444061
30.96375656
239.0362396
307.875
315
320.7105713
231.7098389
92.12109375
216.2538452
15.25511932
45
115.3461761
18.43495178
206.5650482
213.6900635
100.1755066
164.3577576
349.0193481
225
182.2311707
156.0375061

270.8069458
108.4349518
99.29330444
144.6598969
177.646698
222.7093964
82.56858826
323.3929138
158.9624939
257.6192627
121.6754684
116.5650482
136.9749298
122.4711914
291.8013916
45
336.0375061
5.710594177
140.4403381
221.4236603
257.0053711
141.7098389
127.5685883
232.8533173
347.8285522
97.12501526
319.7636414
158.6293793
200.3764343
34.38034439
210.1413879
270
158.9624939
4.184913635
95.19442749
321.7098389
162.4744263
162.1811218
95.71059418
45
45
252.4744263
355.2363586
357.2736816
6.340194702
6.340194702
149.0362396
135
141.7098389
236.8420715
154.9831085
148.4957275
129.8055725
285.255127
332.5255737
90
