12
5.567764282
8.774964333
9.486832619
22.56102753
3.872983456
7.549834251
15.32971001
1.732050776
20.24845695
7.141428471
3.31662488
14.24780655
7.874007702
3.872983456
22.20360374
23.15167427
3.741657495
15.1657505
1.732050776
13.34166431
7.615773201
9.219544411
34.52535248
3.741657495
2.449489832
13.26649952
1.414213538
6.403124332
4.472136021
12.32882786
8.306623459
20.61552811
3
26.22975349
12.12435532
4.472136021
21.79449463
4
20.63976669
20.73644066
25.25866127
11.7473402
7.141428471
27.0739727
4.690415859
15.8745079
18.11077118
6.324555397
24.79919434
14.38749504
23.38803101
1.414213538
6.324555397
11.95826054
9.05538559
7.810249805
32.7414093
7.348469257
10.34407997
25.92296219
27.69476509
5
11.09053612
17.08800697
12.92284775
17.34935188
44.21538162
19.7230835
5.385164738
25.8650341
3.464101553
7.348469257
32.06243896
20.49390221
7.810249805
9.05538559
13.49073792
12.12435532
51.0587883
7.348469257
3
22.67156792
4
5.47722578
7.681145668
28.23118782
10.58300495
11.22497177
5.291502476
15.13274574
9
2.23606801
